   0   24    1    1   24    1    0
   1   25    1    2    1    1    0
   2   26    1    3    2    1    0
   3   27    1    4    3    1    0
   4   28    2    1    4    1    0
   5   29    2    2    5    1    0
   6   30    2    3    6    1    0
   7   31    2    4    7    1    0
   8   32    3    1    8    1    0
   9   33    3    2    9    1    0
  10   34    3    3   10    1    0
  11   35    3    4   11    1    0
  12   36    4    1   12    1    0
  13   37    4    2   13    1    0
  14   38    4    3   14    1    0
  15   39    4    4   15    1    0
  16   40    5    1   16    1    0
  17   41    5    2   17    1    0
  18   42    5    3   18    1    0
  19   43    5    4   19    1    0
  20   44    6    1   20    1    0
  21   45    6    2   21    1    0
  22   46    6    3   22    1    0
  23   47    6    4   23    1    0
  24    0    7    1   24    1    1
  25    1    7    2    1    1    1
  26    2    7    3    2    1    1
  27    3    7    4    3    1    1
  28    4    8    1    4    1    1
  29    5    8    2    5    1    1
  30    6    8    3    6    1    1
  31    7    8    4    7    1    1
  32    8    9    1    8    1    1
  33    9    9    2    9    1    1
  34   10    9    3   10    1    1
  35   11    9    4   11    1    1
  36   12   10    1   12    1    1
  37   13   10    2   13    1    1
  38   14   10    3   14    1    1
  39   15   10    4   15    1    1
  40   16   11    1   16    1    1
  41   17   11    2   17    1    1
  42   18   11    3   18    1    1
  43   19   11    4   19    1    1
  44   20   12    1   20    1    1
  45   21   12    2   21    1    1
  46   22   12    3   22    1    1
  47   23   12    4   23    1    1
  48   -1   13    1   -1   -1   -1
  49   -1   13    2   -1   -1   -1
  50   -1   13    3   -1   -1   -1
  51   -1   13    4   -1   -1   -1
  52   -1   14    1   -1   -1   -1
  53   -1   14    2   -1   -1   -1
  54   -1   14    3   -1   -1   -1
  55   -1   14    4   -1   -1   -1
  56   80   15    1   24    0    0
  57   81   15    2    1    0    0
  58   82   15    3    2    0    0
  59   83   15    4    3    0    0
  60   84   16    1    4    0    0
  61   85   16    2    5    0    0
  62   86   16    3    6    0    0
  63   87   16    4    7    0    0
  64   88   17    1    8    0    0
  65   89   17    2    9    0    0
  66   90   17    3   10    0    0
  67   91   17    4   11    0    0
  68   92   18    1   12    0    0
  69   93   18    2   13    0    0
  70   94   18    3   14    0    0
  71   95   18    4   15    0    0
  72   96   19    1   16    0    0
  73   97   19    2   17    0    0
  74   98   19    3   18    0    0
  75   99   19    4   19    0    0
  76  100   20    1   20    0    0
  77  101   20    2   21    0    0
  78  102   20    3   22    0    0
  79  103   20    4   23    0    0
  80   56   21    1   24    0    1
  81   57   21    2    1    0    1
  82   58   21    3    2    0    1
  83   59   21    4    3    0    1
  84   60   22    1    4    0    1
  85   61   22    2    5    0    1
  86   62   22    3    6    0    1
  87   63   22    4    7    0    1
  88   64   23    1    8    0    1
  89   65   23    2    9    0    1
  90   66   23    3   10    0    1
  91   67   23    4   11    0    1
  92   68   24    1   12    0    1
  93   69   24    2   13    0    1
  94   70   24    3   14    0    1
  95   71   24    4   15    0    1
  96   72   25    1   16    0    1
  97   73   25    2   17    0    1
  98   74   25    3   18    0    1
  99   75   25    4   19    0    1
 100   76   26    1   20    0    1
 101   77   26    2   21    0    1
 102   78   26    3   22    0    1
 103   79   26    4   23    0    1
 104   -1   27    1   -1   -1   -1
 105   -1   27    2   -1   -1   -1
 106   -1   27    3   -1   -1   -1
 107   -1   27    4   -1   -1   -1
 108   -1   28    1   -1   -1   -1
 109   -1   28    2   -1   -1   -1
 110   -1   28    3   -1   -1   -1
 111   -1   28    4   -1   -1   -1
